98.78908270594931,-17.680591379616313,157.45678005331104,3626.8965458145785
92.58522091579906,-18.46506825525765,-3.7904097423385736,2231.9272739394573
79.12241333881587,-15.949996724854216,88.4812027166408,2657.845290452284
145.74918157410335,-14.094146150211545,47.80345177745285,3800.360274654197
80.99241379690504,-21.88351723301948,96.22755360973638,2771.881723940438
141.63901857388666,-22.085246581594024,54.77405536425233,3843.967880969357
133.57295477056664,-20.739665140345465,0.9350869156591177,3204.4350485247364
101.30453610705717,-21.59972652052757,81.04533623525242,3137.4016657211673
105.87154679021663,-12.117690595637098,71.55421657237473,3142.2832767105538
129.98408039527638,-17.25127639112727,101.862282877511,3862.697934872185
123.82762521506388,-16.95153708208404,31.626007871580462,3159.29313088983
68.67321424796938,-21.089852396000975,55.44302473542383,2189.1172044982627
89.67555470411372,-29.220907309002495,34.06516193709642,2491.3414131439736
120.72773631883541,-20.512528705953986,8.77115858801752,2942.673136997198
73.77292517313725,-6.579491374890441,80.60630807682227,2398.4406875471736
74.44558279659383,-21.462493254267283,59.15803472119172,2350.4838427276354
149.11003129065952,-27.202311253905314,65.08283511324392,4138.295314884197
43.491238486963695,-13.736284118808502,154.99867019878934,2364.577070859991
149.60875625446258,-8.508724964275805,47.770305872518385,3877.7872054775808
104.9786261331029,-24.704759282886243,32.43467699229288,2789.130394763595
94.8710513363024,-15.056128803088113,167.01287271798424,3620.242445704295
43.44638726131972,-20.402953679969034,93.1201898060074,1877.8747582398485
132.1486970200984,-18.17138801545354,80.24655482099566,3777.415636046678
94.04596134785906,-30.086378006689927,49.29175577104225,2775.8508266897156
73.81925624199053,-28.992240859168074,31.961372633548816,2169.240433466697
86.21917975636784,-39.16177488018071,73.73258520850813,2784.6055328924353
134.04102355804181,-15.519386643523188,-74.53691401594698,2580.320734314977
94.717206694822,-32.20216934935256,53.014211538434594,2869.2328893000868
89.53478403888165,-28.195657251652264,12.367071198625226,2353.4980185472605
100.07818924455312,-26.420740424657716,117.1685426452408,3469.858361055436
132.95106455225655,-8.000036875356738,105.22002453131594,3936.1018359699124
103.63907299686208,-11.10704317519594,82.50324440379605,3113.9648530216173
120.36274423382434,0.38645380186516093,119.17920297983625,3711.479343482228
75.63759597114696,0.20661902030709903,13.882753424028696,1855.9446909239603
113.05198184934224,-28.679823441018396,61.53646579798009,3255.3317816161507
91.99003324623187,-32.034995757026294,77.23179136597061,2883.9573640424605
66.00756089023207,-15.703682758808668,76.44064057305201,2251.4154970628356
69.43572345963615,-18.42801138156934,-19.02088650055237,1581.4638474117899
116.76880212722966,-14.800228733872753,78.26725688264293,3435.9206655069815
116.23532325610562,-14.520926136911516,41.24873640729396,3155.8338894486874
104.14638168081798,-36.650799561628695,37.74417883311206,2932.568674535157
96.8707334950519,-24.307666021222747,37.57365558116813,2686.871908870784
49.04284481404541,-28.49931202556073,60.940771778339716,1745.8117067358733
22.16564265281653,2.3341104812411624,33.52863425183387,755.9509338736261
45.828723306287394,-29.07323911367268,51.188993825078235,1666.3611392957414
123.06328483644681,-15.83573838462134,51.97334198066635,3396.894593714201
94.66272050166761,-17.25051650493235,23.286040387807418,2454.5654515021356
124.8872786003588,-11.131446032672923,73.88425875525617,3574.2800219484006
43.63552747384273,-23.011779538825774,55.92945189998279,1606.950167822308
134.0301418089095,-32.07131306936435,61.914536860762354,3843.8578541254674
109.00351894268304,-18.687557738692693,47.31326670784747,2964.6715510585236
75.27421105935251,-17.599305625929965,63.0327954416225,2320.10457857379
127.94608857466525,-31.158779041729797,-13.956150795988655,2968.1992801508336
141.45758473425843,-18.352361891127146,56.15498909124865,3847.1159064180815
156.15136197988517,-24.60244485436612,105.54483128304256,4602.2138617139835
104.51118526753635,-26.024205158641752,-5.251403472391993,2494.585453442412
94.29252087173069,-17.852908601588016,89.99421824663848,2991.0614246845753
118.73934507317033,-21.86352672413936,35.92602645916832,3110.673512708651
101.30642083559928,-20.722939208523734,118.43580365619123,3403.572377659562
117.03173505483588,-7.554119721640775,63.835713477705575,3218.857835050507
42.73019932977535,-38.9672017893725,89.9991791202709,1951.859048123151
87.51750664237773,-15.344537979467823,24.49227756212934,2346.601312501084
68.85291389325359,-20.361135068741262,77.95176470385255,2372.275041939744
69.11694237187874,-26.116009804688115,72.80774080120196,2310.9143782644996
147.91416289482447,-14.590178316093937,81.13063295901206,4161.474035488264
78.8584386369332,-24.97453967719066,42.69962633096461,2312.624066748094
93.5797373211266,-21.364574873507884,31.593041705349588,2542.1284942132556
121.82684280238594,-24.746708387092472,85.17073398512177,3705.703162448622
77.93342173120004,-21.522243971082737,-0.5717614112443279,1903.4070989437366
87.25642933704414,-13.372982530421295,-14.31924031336295,2006.4932354262107
60.520894395135066,-27.045211578765546,20.706331478668552,1720.1409644063622
143.11933086215873,-19.296363110639415,71.81534870252302,3998.6762147461136
85.77251455984658,-21.586038783763627,-1.2977754672921622,2077.7955314203946
111.88551258538324,-22.127231314277516,92.44301599135625,3486.5626361357286
93.13508073224912,-23.335904819287254,84.07619180546236,2941.031659030006
104.14266038940261,-19.101558531859492,38.749773466114114,2831.1697020132406
86.04142579977386,-19.01267121914969,77.72687005233495,2721.819869094685
108.18560947703133,-25.45655691285468,6.597162468306323,2645.098920921587
70.15848139990216,-28.73938630349985,50.125157634232025,2218.7703531706984
101.15092292761439,-10.18361709501554,54.183937236013776,2902.5022705909555
196.69128698544222,-24.104969989203674,59.27641770168657,5105.903603313595
127.63899581204005,-15.20906078031641,131.2385376652616,4078.537715060271
66.93894791279479,-24.96784295915053,53.6742398180402,2114.452609401383
36.28903545684834,-22.849448627212343,34.19652878597808,1218.9834568260906
78.6862421693131,-15.509712679798957,25.999848339939902,2235.144317169423
74.73692675408218,-21.038389382991983,100.7829556868011,2684.7931072958922
69.28699322581461,-30.345395170923055,-12.715143143931167,1727.5922291030433
107.66579169276025,-19.925028639654116,13.199535838009997,2671.202872783919
85.35910184198158,-16.291070588031385,41.291621254432556,2366.1326828095353
129.623767351182,-13.340428744279931,119.08811173807602,4026.946011969284
143.23737885539313,-25.931822557057504,58.841644030466405,3941.946935092024
60.5173072550495,-22.721726535841963,50.2538912610447,1874.4263070211127
161.27659035633832,-27.001392604856704,31.595439859398592,4103.376690630592
105.7983694110138,-21.642558167570332,57.22321441858803,3051.6588716388587
135.65311100057116,-13.946076523625326,17.897196265127448,3402.260578227458
65.38538778437908,-23.889418396664716,87.03687509678034,2360.211886369118
130.05536393062962,4.8299702615614475,24.081930839679018,3216.0421896365838
123.55456087231958,-19.86087379426364,77.13061296130165,3549.806090518138
50.1711390009927,-16.359594910523107,-4.974542249896641,1236.3613351957526
107.93810960593659,-33.089213319342,115.63013565162953,3622.5892334411756
